Frame 1 Face 0:
0.478670,0.582839,0.000000
0.481744,0.528083,0.000000
0.480902,0.543127,0.000000
0.470959,0.466205,0.000000
0.482046,0.509177,0.000000
0.482216,0.484229,0.000000
0.482766,0.424030,0.000000
0.387352,0.415038,0.000000
0.482494,0.380875,0.000000
0.482705,0.356540,0.000000
0.482708,0.258791,0.000000
0.478603,0.588132,0.000000
0.478739,0.592660,0.000000
0.478604,0.596097,0.000000
0.478620,0.595967,0.000000
0.478440,0.602224,0.000000
0.478521,0.610007,0.000000
0.478303,0.618376,0.000000
0.479411,0.642422,0.000000
0.481560,0.537365,0.000000
0.467653,0.536033,0.000000
0.340531,0.344807,0.000000
0.423614,0.429881,0.000000
0.410709,0.431540,0.000000
0.398016,0.431441,0.000000
0.381750,0.422101,0.000000
0.434697,0.426617,0.000000
0.400970,0.382543,0.000000
0.417353,0.384334,0.000000
0.386983,0.386223,0.000000
0.378633,0.393152,0.000000
0.371042,0.433980,0.000000
0.430580,0.678030,0.000000
0.382637,0.410738,0.000000
0.336426,0.424406,0.000000
0.355937,0.422711,0.000000
0.413998,0.505347,0.000000
0.461706,0.578611,0.000000
0.463392,0.591483,0.000000
0.446035,0.582159,0.000000
0.435111,0.586628,0.000000
0.450306,0.591094,0.000000
0.439765,0.591929,0.000000
0.418454,0.611775,0.000000
0.470351,0.527824,0.000000
0.469141,0.508950,0.000000
0.361052,0.381580,0.000000
0.441943,0.460360,0.000000
0.438492,0.518282,0.000000
0.438053,0.507887,0.000000
0.374496,0.502885,0.000000
0.469952,0.485925,0.000000
0.390754,0.364330,0.000000
0.372619,0.369917,0.000000
0.351676,0.312412,0.000000
0.452301,0.378598,0.000000
0.431757,0.392059,0.000000
0.407346,0.595498,0.000000
0.348676,0.594411,0.000000
0.447985,0.529311,0.000000
0.458651,0.534660,0.000000
0.420783,0.594484,0.000000
0.423841,0.594014,0.000000
0.365640,0.357841,0.000000
0.437612,0.525209,0.000000
0.416587,0.366068,0.000000
0.414030,0.349823,0.000000
0.403827,0.269326,0.000000
0.359629,0.333421,0.000000
0.411268,0.306934,0.000000
0.354139,0.373072,0.000000
0.347582,0.359059,0.000000
0.462225,0.585674,0.000000
0.448324,0.587029,0.000000
0.437472,0.589047,0.000000
0.451064,0.532341,0.000000
0.422386,0.594198,0.000000
0.429332,0.597508,0.000000
0.425728,0.594103,0.000000
0.454377,0.525563,0.000000
0.441781,0.593751,0.000000
0.452374,0.593450,0.000000
0.464858,0.594833,0.000000
0.462555,0.642073,0.000000
0.462746,0.617263,0.000000
0.462895,0.608587,0.000000
0.463653,0.601408,0.000000
0.464873,0.594977,0.000000
0.441894,0.594244,0.000000
0.439826,0.597228,0.000000
0.437763,0.601434,0.000000
0.436205,0.606440,0.000000
0.423239,0.568587,0.000000
0.335308,0.503638,0.000000
0.481274,0.541361,0.000000
0.434024,0.594366,0.000000
0.431768,0.596132,0.000000
0.462396,0.541269,0.000000
0.442188,0.534795,0.000000
0.460573,0.538280,0.000000
0.427700,0.470609,0.000000
0.405755,0.482343,0.000000
0.435388,0.515395,0.000000
0.371793,0.286705,0.000000
0.380047,0.315577,0.000000
0.385805,0.348779,0.000000
0.430813,0.623816,0.000000
0.447410,0.354606,0.000000
0.444793,0.305217,0.000000
0.439968,0.260766,0.000000
0.387858,0.428464,0.000000
0.357775,0.446329,0.000000
0.442003,0.422600,0.000000
0.367212,0.401535,0.000000
0.451510,0.449413,0.000000
0.446649,0.513450,0.000000
0.345617,0.458770,0.000000
0.366108,0.458449,0.000000
0.382324,0.464873,0.000000
0.407766,0.462078,0.000000
0.426703,0.454807,0.000000
0.440734,0.447258,0.000000
0.469662,0.428227,0.000000
0.347617,0.496200,0.000000
0.357582,0.400071,0.000000
0.474507,0.536616,0.000000
0.443056,0.478856,0.000000
0.332722,0.422086,0.000000
0.451494,0.438273,0.000000
0.434352,0.515413,0.000000
0.375669,0.412217,0.000000
0.446717,0.500658,0.000000
0.340465,0.547649,0.000000
0.441867,0.416683,0.000000
0.458067,0.491317,0.000000
0.373748,0.637437,0.000000
0.375403,0.658995,0.000000
0.338564,0.500917,0.000000
0.358869,0.612868,0.000000
0.341613,0.388852,0.000000
0.427553,0.698996,0.000000
0.475684,0.540790,0.000000
0.430591,0.491752,0.000000
0.346443,0.425177,0.000000
0.399119,0.420503,0.000000
0.409891,0.421278,0.000000
0.427531,0.600675,0.000000
0.350019,0.533037,0.000000
0.451915,0.723378,0.000000
0.411722,0.700513,0.000000
0.394615,0.683731,0.000000
0.482699,0.305432,0.000000
0.479110,0.724933,0.000000
0.420690,0.419766,0.000000
0.431020,0.418032,0.000000
0.438452,0.417691,0.000000
0.349613,0.396045,0.000000
0.428669,0.404749,0.000000
0.417041,0.399468,0.000000
0.405811,0.398319,0.000000
0.395136,0.400606,0.000000
0.388784,0.404383,0.000000
0.335347,0.379698,0.000000
0.392094,0.417997,0.000000
0.480130,0.556576,0.000000
0.436804,0.559891,0.000000
0.448230,0.526776,0.000000
0.461673,0.556082,0.000000
0.482628,0.402057,0.000000
0.391169,0.661946,0.000000
0.408302,0.681056,0.000000
0.451493,0.709188,0.000000
0.360915,0.631434,0.000000
0.437631,0.411973,0.000000
0.460791,0.456395,0.000000
0.479187,0.711747,0.000000
0.430308,0.714279,0.000000
0.342843,0.541082,0.000000
0.452523,0.594543,0.000000
0.450559,0.598956,0.000000
0.449165,0.605212,0.000000
0.448209,0.613311,0.000000
0.445220,0.634979,0.000000
0.431350,0.592839,0.000000
0.429009,0.591908,0.000000
0.427022,0.590742,0.000000
0.412647,0.580625,0.000000
0.364444,0.542190,0.000000
0.460678,0.437651,0.000000
0.452300,0.404028,0.000000
0.443633,0.405866,0.000000
0.433948,0.594060,0.000000
0.362808,0.585979,0.000000
0.465194,0.405167,0.000000
0.437268,0.656514,0.000000
0.482511,0.463631,0.000000
0.470338,0.447980,0.000000
0.482459,0.444643,0.000000
0.451096,0.484276,0.000000
0.479070,0.691647,0.000000
0.479409,0.666329,0.000000
0.458026,0.664890,0.000000
0.406651,0.622264,0.000000
0.422997,0.528829,0.000000
0.420906,0.642424,0.000000
0.392242,0.526332,0.000000
0.410104,0.546306,0.000000
0.380403,0.555234,0.000000
0.453435,0.689515,0.000000
0.442824,0.493443,0.000000
0.395199,0.639021,0.000000
0.412766,0.660565,0.000000
0.394803,0.600440,0.000000
0.352727,0.564307,0.000000
0.378768,0.604746,0.000000
0.348428,0.578916,0.000000
0.398698,0.568502,0.000000
0.452202,0.467238,0.000000
0.450582,0.522208,0.000000
0.442323,0.524750,0.000000
0.457265,0.510713,0.000000
0.440797,0.388773,0.000000
0.417237,0.377951,0.000000
0.396945,0.375978,0.000000
0.381069,0.380107,0.000000
0.370961,0.388468,0.000000
0.367081,0.417214,0.000000
0.335829,0.462346,0.000000
0.378224,0.441021,0.000000
0.391537,0.446138,0.000000
0.409046,0.445728,0.000000
0.425655,0.441658,0.000000
0.438581,0.436184,0.000000
0.447527,0.431080,0.000000
0.333198,0.462278,0.000000
0.442555,0.528844,0.000000
0.460742,0.473628,0.000000
0.460545,0.524522,0.000000
0.466877,0.533235,0.000000
0.459963,0.527125,0.000000
0.446164,0.533734,0.000000
0.469719,0.535264,0.000000
0.471021,0.538577,0.000000
0.446672,0.417488,0.000000
0.454479,0.421649,0.000000
0.459328,0.425372,0.000000
0.385271,0.407637,0.000000
0.374297,0.401492,0.000000
0.493700,0.465750,0.000000
0.574849,0.411227,0.000000
0.494962,0.535776,0.000000
0.616346,0.340370,0.000000
0.539465,0.427273,0.000000
0.551571,0.428674,0.000000
0.563938,0.428006,0.000000
0.579356,0.418014,0.000000
0.528848,0.424438,0.000000
0.561317,0.379951,0.000000
0.545497,0.382608,0.000000
0.574943,0.382892,0.000000
0.583085,0.389152,0.000000
0.589122,0.429284,0.000000
0.527822,0.675306,0.000000
0.579147,0.406384,0.000000
0.619714,0.418899,0.000000
0.603135,0.417518,0.000000
0.547586,0.503224,0.000000
0.495810,0.578622,0.000000
0.494058,0.591355,0.000000
0.511289,0.582400,0.000000
0.522370,0.586726,0.000000
0.507104,0.591591,0.000000
0.517822,0.591836,0.000000
0.539494,0.610388,0.000000
0.492898,0.527538,0.000000
0.495030,0.508956,0.000000
0.599550,0.377595,0.000000
0.521093,0.459026,0.000000
0.524333,0.517101,0.000000
0.524514,0.506771,0.000000
0.585572,0.498843,0.000000
0.494122,0.485223,0.000000
0.571418,0.362485,0.000000
0.588953,0.367111,0.000000
0.606941,0.308926,0.000000
0.512385,0.378021,0.000000
0.531874,0.390402,0.000000
0.551124,0.593647,0.000000
0.606895,0.588588,0.000000
0.514150,0.528649,0.000000
0.503535,0.533952,0.000000
0.535941,0.594618,0.000000
0.532946,0.594223,0.000000
0.595165,0.355138,0.000000
0.524724,0.524071,0.000000
0.546784,0.365037,0.000000
0.549430,0.349069,0.000000
0.558862,0.267784,0.000000
0.599998,0.329997,0.000000
0.551894,0.305583,0.000000
0.605453,0.368857,0.000000
0.610836,0.354569,0.000000
0.495199,0.585835,0.000000
0.509156,0.587295,0.000000
0.520192,0.589384,0.000000
0.511287,0.531452,0.000000
0.534842,0.594358,0.000000
0.527474,0.597440,0.000000
0.531402,0.594318,0.000000
0.508620,0.524968,0.000000
0.515550,0.593678,0.000000
0.505290,0.593770,0.000000
0.492795,0.595118,0.000000
0.496343,0.640705,0.000000
0.494357,0.616706,0.000000
0.494050,0.608358,0.000000
0.493556,0.600736,0.000000
0.492397,0.595260,0.000000
0.515248,0.593957,0.000000
0.517204,0.596557,0.000000
0.519055,0.600866,0.000000
0.520689,0.605460,0.000000
0.536870,0.567089,0.000000
0.619985,0.498044,0.000000
0.523135,0.594234,0.000000
0.524914,0.595865,0.000000
0.499388,0.540683,0.000000
0.519426,0.534050,0.000000
0.501344,0.537910,0.000000
0.534651,0.468364,0.000000
0.555962,0.479601,0.000000
0.526908,0.513985,0.000000
0.588877,0.284187,0.000000
0.581422,0.313204,0.000000
0.576103,0.347271,0.000000
0.527464,0.622079,0.000000
0.517049,0.354296,0.000000
0.519746,0.304476,0.000000
0.524334,0.259748,0.000000
0.573835,0.424302,0.000000
0.601157,0.441615,0.000000
0.522483,0.421214,0.000000
0.593548,0.397047,0.000000
0.512029,0.448359,0.000000
0.516578,0.512629,0.000000
0.612423,0.453474,0.000000
0.593756,0.454044,0.000000
0.578517,0.461250,0.000000
0.554348,0.459151,0.000000
0.536065,0.452608,0.000000
0.522480,0.445380,0.000000
0.495443,0.427666,0.000000
0.610420,0.491235,0.000000
0.601981,0.395336,0.000000
0.488303,0.536290,0.000000
0.519948,0.477622,0.000000
0.622200,0.416442,0.000000
0.512750,0.436894,0.000000
0.527522,0.514107,0.000000
0.585469,0.407698,0.000000
0.516605,0.499647,0.000000
0.615134,0.541993,0.000000
0.522404,0.415300,0.000000
0.505819,0.490602,0.000000
0.583470,0.632900,0.000000
0.581061,0.653985,0.000000
0.618200,0.495067,0.000000
0.597788,0.607577,0.000000
0.615561,0.383785,0.000000
0.530900,0.695799,0.000000
0.486799,0.540383,0.000000
0.531748,0.490052,0.000000
0.611238,0.419653,0.000000
0.563186,0.416781,0.000000
0.552974,0.417958,0.000000
0.529419,0.599756,0.000000
0.608073,0.527857,0.000000
0.506263,0.721765,0.000000
0.545771,0.696944,0.000000
0.562419,0.679288,0.000000
0.542141,0.417039,0.000000
0.532603,0.415965,0.000000
0.525943,0.415814,0.000000
0.609252,0.391137,0.000000
0.534512,0.402734,0.000000
0.545487,0.396858,0.000000
0.556879,0.395272,0.000000
0.567032,0.397100,0.000000
0.573424,0.400759,0.000000
0.620375,0.374279,0.000000
0.570160,0.414333,0.000000
0.523785,0.558867,0.000000
0.514132,0.526157,0.000000
0.499092,0.555823,0.000000
0.565970,0.657238,0.000000
0.549430,0.677421,0.000000
0.506994,0.707901,0.000000
0.595069,0.626100,0.000000
0.526477,0.410047,0.000000
0.503429,0.455786,0.000000
0.527673,0.711461,0.000000
0.613811,0.535640,0.000000
0.505050,0.593993,0.000000
0.506511,0.598723,0.000000
0.508052,0.604944,0.000000
0.508792,0.612053,0.000000
0.513636,0.633238,0.000000
0.526042,0.593355,0.000000
0.528081,0.591887,0.000000
0.530148,0.590945,0.000000
0.546908,0.579330,0.000000
0.594477,0.537783,0.000000
0.503505,0.436790,0.000000
0.512293,0.402955,0.000000
0.520730,0.404474,0.000000
0.523061,0.594127,0.000000
0.594726,0.581444,0.000000
0.499754,0.404690,0.000000
0.521414,0.654232,0.000000
0.494602,0.447613,0.000000
0.512391,0.483055,0.000000
0.500865,0.664139,0.000000
0.551834,0.619631,0.000000
0.538269,0.527059,0.000000
0.537417,0.639454,0.000000
0.568492,0.523376,0.000000
0.550900,0.544005,0.000000
0.579028,0.551446,0.000000
0.505377,0.688268,0.000000
0.519959,0.492318,0.000000
0.562343,0.635160,0.000000
0.545458,0.657021,0.000000
0.563583,0.597175,0.000000
0.604731,0.559022,0.000000
0.579276,0.600917,0.000000
0.608202,0.573355,0.000000
0.560882,0.566072,0.000000
0.511390,0.466112,0.000000
0.512197,0.521357,0.000000
0.520052,0.524036,0.000000
0.506481,0.509990,0.000000
0.523474,0.387628,0.000000
0.546031,0.376162,0.000000
0.565626,0.373813,0.000000
0.580966,0.377033,0.000000
0.590343,0.384396,0.000000
0.592922,0.412549,0.000000
0.620330,0.456811,0.000000
0.582679,0.437098,0.000000
0.569693,0.442510,0.000000
0.552952,0.442787,0.000000
0.536992,0.439132,0.000000
0.524970,0.434296,0.000000
0.516223,0.429747,0.000000
0.622049,0.456510,0.000000
0.519698,0.527853,0.000000
0.503451,0.472588,0.000000
0.502711,0.523925,0.000000
0.495917,0.532786,0.000000
0.502882,0.526923,0.000000
0.515976,0.533009,0.000000
0.492898,0.534751,0.000000
0.491511,0.538707,0.000000
0.517714,0.416186,0.000000
0.509919,0.420619,0.000000
0.505482,0.424624,0.000000
0.576782,0.403755,0.000000
0.587389,0.397181,0.000000
0.408875,0.409069,0.000000
0.422604,0.408696,0.000000
0.408790,0.393726,0.000000
0.395159,0.409294,0.000000
0.409016,0.424959,0.000000
0.553449,0.406521,0.000000
0.567060,0.405983,0.000000
0.553275,0.391168,0.000000
0.539678,0.406642,0.000000
0.553103,0.421968,0.000000
Frame 2 Face 0:
0.479144,0.582803,0.000000
0.481843,0.527651,0.000000
0.481033,0.542789,0.000000
0.470960,0.465883,0.000000
0.482106,0.508820,0.000000
0.482228,0.483879,0.000000
0.482725,0.423768,0.000000
0.387537,0.414802,0.000000
0.482449,0.380884,0.000000
0.482675,0.356579,0.000000
0.482659,0.257352,0.000000
0.479072,0.588090,0.000000
0.479158,0.592611,0.000000
0.478943,0.596036,0.000000
0.479017,0.595982,0.000000
0.478866,0.602281,0.000000
0.478974,0.610150,0.000000
0.478755,0.618659,0.000000
0.479631,0.642812,0.000000
0.481703,0.536927,0.000000
0.468002,0.535540,0.000000
0.340447,0.343154,0.000000
0.423628,0.429421,0.000000
0.410740,0.430989,0.000000
0.398053,0.430945,0.000000
0.381832,0.421915,0.000000
0.434698,0.426417,0.000000
0.400987,0.382410,0.000000
0.417364,0.384237,0.000000
0.386999,0.386068,0.000000
0.378646,0.392980,0.000000
0.371051,0.433563,0.000000
0.430581,0.678296,0.000000
0.382815,0.410673,0.000000
0.336421,0.423082,0.000000
0.355936,0.422163,0.000000
0.414065,0.505177,0.000000
0.462281,0.578608,0.000000
0.463780,0.591457,0.000000
0.446435,0.582163,0.000000
0.435277,0.586639,0.000000
0.450609,0.591095,0.000000
0.439948,0.591949,0.000000
0.418438,0.611804,0.000000
0.470534,0.527367,0.000000
0.469232,0.508576,0.000000
0.361053,0.381123,0.000000
0.441954,0.460158,0.000000
0.439090,0.518005,0.000000
0.438546,0.507698,0.000000
0.374500,0.502669,0.000000
0.469979,0.485584,0.000000
0.390800,0.364233,0.000000
0.372635,0.369608,0.000000
0.351606,0.310962,0.000000
0.452288,0.378648,0.000000
0.431760,0.391999,0.000000
0.407345,0.595491,0.000000
0.348591,0.593545,0.000000
0.448682,0.528957,0.000000
0.459184,0.534355,0.000000
0.420787,0.594509,0.000000
0.423854,0.594049,0.000000
0.365641,0.357284,0.000000
0.438334,0.525005,0.000000
0.416610,0.366076,0.000000
0.414059,0.349780,0.000000
0.403795,0.267826,0.000000
0.359614,0.332456,0.000000
0.411282,0.306280,0.000000
0.354125,0.372425,0.000000
0.347510,0.357975,0.000000
0.462698,0.585661,0.000000
0.448674,0.587029,0.000000
0.437640,0.589055,0.000000
0.451761,0.532033,0.000000
0.422395,0.594231,0.000000
0.429362,0.597574,0.000000
0.425743,0.594147,0.000000
0.454827,0.525062,0.000000
0.441984,0.593777,0.000000
0.452664,0.593451,0.000000
0.465181,0.594807,0.000000
0.462616,0.642385,0.000000
0.463011,0.617507,0.000000
0.463210,0.608731,0.000000
0.464001,0.601455,0.000000
0.465212,0.595000,0.000000
0.442080,0.594288,0.000000
0.439970,0.597296,0.000000
0.437857,0.601554,0.000000
0.436258,0.606650,0.000000
0.423393,0.568495,0.000000
0.335270,0.501821,0.000000
0.481405,0.540921,0.000000
0.434125,0.594400,0.000000
0.431831,0.596194,0.000000
0.462822,0.541023,0.000000
0.442913,0.534612,0.000000
0.461072,0.538016,0.000000
0.427737,0.470419,0.000000
0.405760,0.482147,0.000000
0.435934,0.515239,0.000000
0.371754,0.285278,0.000000
0.380048,0.314686,0.000000
0.385840,0.348453,0.000000
0.430813,0.623933,0.000000
0.447408,0.354637,0.000000
0.444785,0.304548,0.000000
0.439892,0.259228,0.000000
0.387925,0.428086,0.000000
0.357776,0.445736,0.000000
0.441999,0.422507,0.000000
0.367213,0.401175,0.000000
0.451506,0.449191,0.000000
0.446974,0.513087,0.000000
0.345617,0.457948,0.000000
0.366107,0.457954,0.000000
0.382319,0.464447,0.000000
0.407766,0.461713,0.000000
0.426709,0.454497,0.000000
0.440734,0.447036,0.000000
0.469606,0.428006,0.000000
0.347628,0.495559,0.000000
0.357578,0.399540,0.000000
0.474747,0.536160,0.000000
0.443162,0.478669,0.000000
0.332672,0.420162,0.000000
0.451482,0.438079,0.000000
0.434874,0.515252,0.000000
0.375691,0.412123,0.000000
0.446988,0.500402,0.000000
0.340444,0.546121,0.000000
0.441862,0.416638,0.000000
0.458144,0.491018,0.000000
0.373707,0.637390,0.000000
0.375222,0.658905,0.000000
0.338570,0.499708,0.000000
0.358836,0.612601,0.000000
0.341575,0.387599,0.000000
0.427551,0.699440,0.000000
0.475903,0.540364,0.000000
0.430751,0.491590,0.000000
0.346442,0.424437,0.000000
0.399228,0.419947,0.000000
0.409941,0.420655,0.000000
0.427544,0.600779,0.000000
0.350043,0.532446,0.000000
0.451958,0.724241,0.000000
0.411642,0.700629,0.000000
0.394463,0.683738,0.000000
0.482664,0.304727,0.000000
0.479356,0.726098,0.000000
0.420706,0.419269,0.000000
0.431020,0.417775,0.000000
0.438449,0.417591,0.000000
0.349598,0.395310,0.000000
0.428669,0.404749,0.000000
0.417060,0.399466,0.000000
0.405899,0.398314,0.000000
0.395313,0.400594,0.000000
0.389014,0.404346,0.000000
0.335293,0.377922,0.000000
0.392261,0.417590,0.000000
0.480339,0.556406,0.000000
0.437142,0.559749,0.000000
0.448887,0.526377,0.000000
0.461961,0.555942,0.000000
0.482574,0.401916,0.000000
0.391120,0.661953,0.000000
0.408241,0.681233,0.000000
0.451539,0.709944,0.000000
0.360749,0.631027,0.000000
0.437627,0.411960,0.000000
0.460789,0.456133,0.000000
0.479456,0.712966,0.000000
0.430303,0.714690,0.000000
0.342846,0.540066,0.000000
0.452804,0.594582,0.000000
0.450826,0.599017,0.000000
0.449366,0.605336,0.000000
0.448356,0.613576,0.000000
0.445225,0.635214,0.000000
0.431420,0.592873,0.000000
0.429059,0.591932,0.000000
0.427065,0.590761,0.000000
0.412699,0.580584,0.000000
0.364491,0.541908,0.000000
0.460650,0.437398,0.000000
0.452270,0.403978,0.000000
0.443631,0.405824,0.000000
0.434028,0.594111,0.000000
0.362822,0.585766,0.000000
0.465080,0.405060,0.000000
0.437267,0.656741,0.000000
0.482510,0.463299,0.000000
0.470324,0.447654,0.000000
0.482438,0.444320,0.000000
0.451193,0.484060,0.000000
0.479326,0.692630,0.000000
0.479634,0.666971,0.000000
0.458064,0.665310,0.000000
0.406642,0.622268,0.000000
0.423353,0.528676,0.000000
0.420894,0.642504,0.000000
0.392294,0.526197,0.000000
0.410292,0.546190,0.000000
0.380467,0.555104,0.000000
0.453489,0.690071,0.000000
0.443092,0.493282,0.000000
0.395184,0.639028,0.000000
0.412747,0.660717,0.000000
0.394805,0.600424,0.000000
0.352746,0.563833,0.000000
0.378772,0.604701,0.000000
0.348421,0.578277,0.000000
0.398801,0.568429,0.000000
0.452222,0.467007,0.000000
0.450980,0.521758,0.000000
0.442968,0.524395,0.000000
0.457458,0.510283,0.000000
0.440791,0.388746,0.000000
0.417250,0.377912,0.000000
0.396974,0.375863,0.000000
0.381088,0.379891,0.000000
0.370971,0.388172,0.000000
0.367084,0.416905,0.000000
0.335829,0.461030,0.000000
0.378236,0.440619,0.000000
0.391540,0.445699,0.000000
0.409054,0.445279,0.000000
0.425663,0.441304,0.000000
0.438581,0.435977,0.000000
0.447517,0.430947,0.000000
0.333143,0.460319,0.000000
0.443287,0.528569,0.000000
0.460753,0.473347,0.000000
0.460859,0.523987,0.000000
0.467230,0.532687,0.000000
0.460384,0.526575,0.000000
0.446904,0.533498,0.000000
0.470015,0.534787,0.000000
0.471299,0.538109,0.000000
0.446658,0.417446,0.000000
0.454446,0.421538,0.000000
0.459287,0.425189,0.000000
0.385480,0.407590,0.000000
0.374309,0.401350,0.000000
0.493693,0.465477,0.000000
0.574853,0.411236,0.000000
0.494969,0.535314,0.000000
0.616446,0.339272,0.000000
0.539414,0.427215,0.000000
0.551537,0.428613,0.000000
0.563932,0.427968,0.000000
0.579373,0.418016,0.000000
0.528774,0.424430,0.000000
0.561319,0.379951,0.000000
0.545488,0.382621,0.000000
0.574964,0.382886,0.000000
0.583144,0.389144,0.000000
0.589130,0.429214,0.000000
0.528375,0.675762,0.000000
0.579159,0.406428,0.000000
0.619669,0.418219,0.000000
0.603147,0.417397,0.000000
0.547580,0.503150,0.000000
0.496190,0.578587,0.000000
0.494380,0.591309,0.000000
0.511580,0.582358,0.000000
0.522677,0.586710,0.000000
0.507340,0.591577,0.000000
0.518017,0.591837,0.000000
0.539832,0.610475,0.000000
0.492924,0.527111,0.000000
0.495041,0.508627,0.000000
0.599587,0.377451,0.000000
0.521070,0.458899,0.000000
0.524123,0.516860,0.000000
0.524300,0.506593,0.000000
0.585579,0.498776,0.000000
0.494123,0.484916,0.000000
0.571419,0.362523,0.000000
0.588971,0.367083,0.000000
0.607146,0.307903,0.000000
0.512351,0.378381,0.000000
0.531825,0.390430,0.000000
0.551287,0.593652,0.000000
0.606891,0.587900,0.000000
0.513997,0.528235,0.000000
0.503489,0.533589,0.000000
0.536205,0.594640,0.000000
0.533197,0.594243,0.000000
0.595205,0.354941,0.000000
0.524483,0.523835,0.000000
0.546776,0.365370,0.000000
0.549420,0.349149,0.000000
0.558943,0.266570,0.000000
0.600065,0.329427,0.000000
0.551894,0.305155,0.000000
0.605491,0.368546,0.000000
0.610888,0.353907,0.000000
0.495573,0.585794,0.000000
0.509430,0.587270,0.000000
0.520461,0.589379,0.000000
0.511159,0.531088,0.000000
0.535111,0.594377,0.000000
0.527841,0.597495,0.000000
0.531640,0.594345,0.000000
0.508603,0.524415,0.000000
0.515686,0.593679,0.000000
0.505490,0.593757,0.000000
0.493066,0.595062,0.000000
0.496648,0.641057,0.000000
0.494848,0.616971,0.000000
0.494534,0.608492,0.000000
0.493995,0.600788,0.000000
0.492755,0.595285,0.000000
0.515497,0.593981,0.000000
0.517528,0.596611,0.000000
0.519470,0.600976,0.000000
0.521214,0.605660,0.000000
0.536872,0.567010,0.000000
0.619948,0.497031,0.000000
0.523369,0.594245,0.000000
0.525197,0.595904,0.000000
0.499383,0.540401,0.000000
0.519247,0.533846,0.000000
0.501320,0.537624,0.000000
0.534631,0.468270,0.000000
0.555962,0.479537,0.000000
0.526716,0.513825,0.000000
0.589070,0.283118,0.000000
0.581463,0.312655,0.000000
0.576108,0.347239,0.000000
0.527832,0.622285,0.000000
0.517027,0.354608,0.000000
0.519743,0.303952,0.000000
0.524346,0.258352,0.000000
0.573837,0.424288,0.000000
0.601155,0.441453,0.000000
0.522394,0.421216,0.000000
0.593615,0.396995,0.000000
0.512007,0.448221,0.000000
0.516512,0.512322,0.000000
0.612411,0.453099,0.000000
0.593762,0.453913,0.000000
0.578539,0.461134,0.000000
0.554350,0.459048,0.000000
0.536050,0.452530,0.000000
0.522452,0.445334,0.000000
0.495408,0.427475,0.000000
0.610382,0.491000,0.000000
0.602013,0.395214,0.000000
0.488360,0.535828,0.000000
0.519882,0.477491,0.000000
0.622184,0.415368,0.000000
0.512714,0.436847,0.000000
0.527354,0.513941,0.000000
0.585552,0.407724,0.000000
0.516522,0.499425,0.000000
0.615078,0.540987,0.000000
0.522327,0.415317,0.000000
0.505803,0.490355,0.000000
0.583756,0.632906,0.000000
0.581379,0.653969,0.000000
0.618113,0.494429,0.000000
0.597829,0.607475,0.000000
0.615562,0.383103,0.000000
0.531538,0.696507,0.000000
0.486866,0.539939,0.000000
0.531695,0.489957,0.000000
0.611234,0.419385,0.000000
0.563156,0.416751,0.000000
0.552932,0.417878,0.000000
0.529864,0.599848,0.000000
0.608022,0.527629,0.000000
0.506727,0.722852,0.000000
0.546404,0.697317,0.000000
0.562991,0.679405,0.000000
0.542080,0.416967,0.000000
0.532534,0.415954,0.000000
0.525868,0.415816,0.000000
0.609275,0.390878,0.000000
0.534494,0.402823,0.000000
0.545482,0.396935,0.000000
0.556873,0.395318,0.000000
0.567018,0.397118,0.000000
0.573421,0.400774,0.000000
0.620387,0.373137,0.000000
0.570153,0.414333,0.000000
0.523777,0.558712,0.000000
0.514014,0.525705,0.000000
0.499138,0.555670,0.000000
0.566495,0.657368,0.000000
0.550116,0.677831,0.000000
0.507436,0.708815,0.000000
0.595154,0.625850,0.000000
0.526423,0.410080,0.000000
0.503404,0.455581,0.000000
0.528261,0.712189,0.000000
0.613715,0.535087,0.000000
0.505373,0.594024,0.000000
0.506891,0.598785,0.000000
0.508533,0.605075,0.000000
0.509342,0.612314,0.000000
0.513996,0.633538,0.000000
0.526230,0.593362,0.000000
0.528328,0.591891,0.000000
0.530436,0.590946,0.000000
0.546936,0.579320,0.000000
0.594469,0.537700,0.000000
0.503481,0.436611,0.000000
0.512230,0.402973,0.000000
0.520648,0.404504,0.000000
0.523220,0.594137,0.000000
0.594734,0.581401,0.000000
0.499720,0.404682,0.000000
0.521904,0.654571,0.000000
0.494579,0.447334,0.000000
0.512332,0.482863,0.000000
0.501232,0.664616,0.000000
0.552200,0.619681,0.000000
0.538199,0.526953,0.000000
0.537939,0.639645,0.000000
0.568493,0.523350,0.000000
0.550894,0.543943,0.000000
0.579030,0.551421,0.000000
0.505776,0.688925,0.000000
0.519841,0.492173,0.000000
0.562770,0.635258,0.000000
0.546075,0.657332,0.000000
0.563731,0.597180,0.000000
0.604709,0.558837,0.000000
0.579404,0.600922,0.000000
0.608180,0.572991,0.000000
0.560885,0.566050,0.000000
0.511355,0.465936,0.000000
0.512152,0.520879,0.000000
0.519876,0.523689,0.000000
0.506470,0.509629,0.000000
0.523442,0.387715,0.000000
0.546024,0.376225,0.000000
0.565627,0.373822,0.000000
0.580982,0.377017,0.000000
0.590397,0.384351,0.000000
0.592970,0.412527,0.000000
0.620253,0.456191,0.000000
0.582687,0.437044,0.000000
0.569695,0.442427,0.000000
0.552945,0.442707,0.000000
0.536960,0.439072,0.000000
0.524925,0.434268,0.000000
0.516162,0.429741,0.000000
0.622020,0.455445,0.000000
0.519499,0.527544,0.000000
0.503431,0.472348,0.000000
0.502709,0.523407,0.000000
0.495926,0.532264,0.000000
0.502878,0.526373,0.000000
0.515812,0.532744,0.000000
0.492921,0.534278,0.000000
0.491538,0.538292,0.000000
0.517626,0.416203,0.000000
0.509863,0.420617,0.000000
0.505446,0.424600,0.000000
0.576783,0.403781,0.000000
0.587480,0.397181,0.000000
0.408883,0.408635,0.000000
0.422588,0.408321,0.000000
0.408802,0.393473,0.000000
0.395212,0.408827,0.000000
0.409018,0.424325,0.000000
0.553778,0.406445,0.000000
0.567296,0.405923,0.000000
0.553619,0.391143,0.000000
0.540032,0.406545,0.000000
0.553375,0.421809,0.000000
